{"nbformat":4,"nbformat_minor":0,"metadata":{"colab":{"provenance":[],"authorship_tag":"ABX9TyOK53ee4NdZDPO0gMHIyYEk"},"kernelspec":{"name":"python3","display_name":"Python 3"},"language_info":{"name":"python"}},"cells":[{"cell_type":"code","source":["#que 3"],"metadata":{"id":"cGg9SYGN1k-Y"},"execution_count":null,"outputs":[]},{"cell_type":"code","execution_count":2,"metadata":{"id":"53A7t-ikqYAb","colab":{"base_uri":"https://localhost:8080/"},"executionInfo":{"status":"ok","timestamp":1714323747140,"user_tz":-330,"elapsed":1457,"user":{"displayName":"Fiza Shaikh","userId":"05864626056526719201"}},"outputId":"38c05aba-8fed-466a-8ed2-5bfce3a6174e"},"outputs":[{"output_type":"stream","name":"stdout","text":["[[4 3 1 3 0]\n"," [4 3 8 7 7]\n"," [6 9 3 7 3]\n"," [3 6 5 4 5]\n"," [9 1 8 7 4]]\n"]}],"source":["import numpy as np\n","import sympy as sp\n","np.random.seed(44)\n","A=np.random.randint(0,10,(5,5))\n","print(A)\n","\n"]},{"cell_type":"code","source":["U,S,Vt=np.linalg.svd(A)\n","print(U)"],"metadata":{"id":"X7XQO_mP5CDP","executionInfo":{"status":"ok","timestamp":1714323761891,"user_tz":-330,"elapsed":9,"user":{"displayName":"Fiza Shaikh","userId":"05864626056526719201"}},"outputId":"02916478-b49a-40ee-f039-6e2fc91ac609","colab":{"base_uri":"https://localhost:8080/"}},"execution_count":3,"outputs":[{"output_type":"stream","name":"stdout","text":["[[-0.2007194  -0.24168647 -0.43523977  0.02505001 -0.8433494 ]\n"," [-0.51894652  0.35318247  0.50857649  0.54510449 -0.22398147]\n"," [-0.49243967 -0.69464111 -0.15608042  0.29351742  0.40554078]\n"," [-0.39698364 -0.20934837  0.48395407 -0.74202485 -0.11732361]\n"," [-0.53880738  0.53897753 -0.54161209 -0.25589107  0.2456948 ]]\n"]}]},{"cell_type":"code","source":["print(S)"],"metadata":{"id":"M3IzEVev5MMn","executionInfo":{"status":"ok","timestamp":1714323781394,"user_tz":-330,"elapsed":401,"user":{"displayName":"Fiza Shaikh","userId":"05864626056526719201"}},"outputId":"f458da5a-bb50-4d7f-b432-1c35ab0a02be","colab":{"base_uri":"https://localhost:8080/"}},"execution_count":4,"outputs":[{"output_type":"stream","name":"stdout","text":["[25.18156279  7.79202654  5.58170325  1.41897822  0.06563335]\n"]}]},{"cell_type":"code","source":["print(Vt)"],"metadata":{"executionInfo":{"status":"ok","timestamp":1714323791482,"user_tz":-330,"elapsed":12,"user":{"displayName":"Fiza Shaikh","userId":"05864626056526719201"}},"outputId":"61589613-8a6d-4daa-bbc8-a86720d94656","colab":{"base_uri":"https://localhost:8080/"},"id":"YFeXnJTzqP0R"},"execution_count":5,"outputs":[{"output_type":"stream","name":"stdout","text":["[[-0.47151637 -0.37772334 -0.48150259 -0.51789668 -0.36733591]\n"," [ 0.06428237 -0.85143379  0.48317704 -0.02307752  0.19218649]\n"," [-0.72841247  0.21093897  0.2243051  -0.12428378  0.59930025]\n"," [-0.34346664 -0.25082834 -0.34589301  0.83593    -0.02636043]\n"," [ 0.35353363 -0.1580363  -0.60393745 -0.13048001  0.68430477]]\n"]}]},{"cell_type":"code","source":["rank_2_approximation = np.dot(U[:, :2], np.dot(np.diag(S[:2]), Vt[:2, :]))\n","rank_3_approximation = np.dot(U[:, :3], np.dot(np.diag(S[:3]), Vt[:3, :]))\n","\n","print(\"\\nRank 2 approximation of matrix A:\")\n","print(rank_2_approximation)\n","print(\"\\nRank 3 approximation of matrix A:\")\n","print(rank_3_approximation)"],"metadata":{"id":"yPpvyzYC5XYE","executionInfo":{"status":"ok","timestamp":1714323804383,"user_tz":-330,"elapsed":11,"user":{"displayName":"Fiza Shaikh","userId":"05864626056526719201"}},"outputId":"831cde7d-8b14-47b1-f69f-757629a89d86","colab":{"base_uri":"https://localhost:8080/"}},"execution_count":6,"outputs":[{"output_type":"stream","name":"stdout","text":["\n","Rank 2 approximation of matrix A:\n","[[2.26218727 3.51261894 1.523788   2.66113177 1.49474211]\n"," [6.33862695 2.59289302 7.62192694 6.70430443 5.32920186]\n"," [5.49905308 9.29244404 3.35555103 6.54703711 3.51487196]\n"," [4.60873229 5.16487472 4.02524015 5.21488654 3.35863148]\n"," [6.66750809 1.5491651  8.56224465 6.92990896 5.79114884]]\n","\n","Rank 3 approximation of matrix A:\n","[[4.03177741 3.0001682  0.97886586 2.96306421 0.03881453]\n"," [4.27086567 3.19169033 8.25866699 6.35149719 7.03044929]\n"," [6.13364207 9.10867516 3.16013765 6.65531247 2.99276484]\n"," [2.64108043 5.73468162 4.63115281 4.87916026 4.97751404]\n"," [8.86958494 0.91147172 7.88414388 7.3056335  3.97939348]]\n"]}]}]}